Template: NONE
Palette: 5
FadePalette: 4, 0.5543478, 0.5543478
